I: 25816,28475,   25817,23510,229799,1599,125913, 16046,78596,122658,5010,
J: 270688,270642, 122566,370,270708,1463, 2023,   270755,20,116658,50934,

mag:
84.72,99.28
Swap I[:end] with J[:end]
end=1,2,3,4,5,6,7,8
84.83,80.81, 80.37,80.24, 81.73,81.49, 81.49,78.9,
99.3, 98.95, 98.92,98.91, 99.08,99.06, 99.06,99.1,

Swap I[end] with J[end]
end =1,2,3,4,5,6,7,8
84.83,85.41, 85.11,84.76, 85.79,84.99, 84.83,86.07,
99.3, 99.3,  99.32,99.33, 99.33,99.29, 99.27,99.34,


5011,201783,5010,184095,1320,51797,162542,5009,19273,158533,199558,199475,51848,158738,55286,11079,53489,184090,9679,122658,51680,97643,25318,38167,4961,4145,16178,114,55052,10075,18427,11348,
270688,270708,122566,1463,270857,28449,370,270839,270755,44,227673,116658,23784,122115,227654,5321,52453,28456,24916,132,80634,122534,162536,2306,21567,26429,28454,24033,270300,27544,52986,21570,49478,
